10 15
1 1
17
C 1 9
D 1 13
B 1 15
E 2 3
F 3 1
G 3 8
H 3 14
I 4 5
J 5 12
K 6 3
L 7 10
M 8 2
N 8 6
O 8 15
P 9 13
A 10 1
Q 10 3
0 0 0 1 0 1 1 0 0 0 0 0 0 0 0 0 0 0 
0 0 0 0 0 0 0 0 0 0 0 0 0 1 0 0 0 1 
0 0 0 0 1 0 0 0 1 0 0 0 0 0 0 0 0 0 
1 0 0 0 1 0 0 1 1 0 0 0 0 0 0 0 0 0 
0 0 1 1 0 0 0 0 1 0 0 0 0 0 0 0 0 0 
1 0 0 0 0 0 1 1 0 1 0 0 0 0 0 0 0 0 
1 0 0 0 0 1 0 0 0 1 0 1 0 0 0 0 0 0 
0 0 0 1 0 1 0 0 1 1 1 0 0 0 0 0 0 0 
0 0 1 1 1 0 0 1 0 0 1 0 0 0 0 1 0 0 
0 0 0 0 0 1 1 1 0 0 1 1 1 0 0 0 0 0 
0 0 0 0 0 0 0 1 1 1 0 0 1 0 0 1 0 0 
0 0 0 0 0 0 1 0 0 1 0 0 1 1 1 0 0 0 
0 0 0 0 0 0 0 0 0 1 1 1 0 0 1 0 1 0 
0 1 0 0 0 0 0 0 0 0 0 1 0 0 1 0 0 1 
0 0 0 0 0 0 0 0 0 0 0 1 1 1 0 0 0 1 
0 0 0 0 0 0 0 0 1 0 1 0 0 0 0 0 1 0 
0 0 0 0 0 0 0 0 0 0 0 0 1 0 0 1 0 0 
0 1 0 0 0 0 0 0 0 0 0 0 0 1 1 0 0 0 
4
2 B M N
3 F E N
5 G N P 10
5 C D N
16200 41
C 1 9
15
4
0 0
1 2
2 4 5 0 0
2
G N N 0 39
G N H 0 39
